0
1
10
100
1000
1001
1002
1003
1004
1005
1006
1007
1008
1009
101
1010
1011
1012
1013
1014
1015
1016
1017
1018
1019
102
1020
1021
1022
1023
1024
1025
1026
1027
1028
1029
103
1030
1031
1032
1033
1034
1035
1036
1037
1038
1039
104
1040
1041
1042
1043
1044
1045
1046
1047
1048
1049
105
1050
1051
1052
1053
1054
1055
1056
1057
1058
1059
106
1060
1061
1062
1063
1064
1065
1066
1067
1068
1069
107
1070
1071
1072
1073
1074
1075
1076
1077
1078
1079
108
1080
1081
1082
1083
1084
1085
1086
1087
1088
1089
109
1090
1091
1092
1093
1094
1095
1096
1097
1098
1099
11
110
1100
1101
1102
1103
1104
1105
1106
1107
1108
1109
111
1110
1111
1112
1113
1114
1115
1116
1117
1118
1119
112
1120
1121
1122
1123
1124
1125
1126
1127
1128
1129
113
1130
1131
1132
1133
1134
1135
1136
1137
1138
1139
114
1140
1141
1142
1143
1144
1145
1146
1147
1148
1149
115
1150
1151
1152
1153
1154
1155
1156
1157
1158
1159
116
1160
1161
1162
1163
1164
1165
1166
1167
1168
1169
117
1170
1171
1172
1173
1174
1175
1176
1177
1178
1179
118
1180
1181
1182
1183
1184
1185
1186
1187
1188
1189
119
1190
1191
1192
1193
1194
1195
1196
1197
1198
1199
120
1200
1201
1202
1203
1204
1205
1206
1207
1208
1209
121
1210
1211
1212
1213
1214
1215
1216
1217
1218
1219
122
1220
1221
1222
1223
1224
1225
1226
1227
1228
1229
123
1230
1231
1232
1233
1234
124
125
126
127
128
1281
129
13
130
1305
131
132
133
1330
1331
1332
134
135
136
1368
1369
137
1370
1376
138
139
1395
1396
1397
1399
140
1400
1401
1402
141
142
143
1438
144
1443
1444
1445
1446
1447
1448
1449
145
1450
1451
1452
1453
1454
1455
1456
1457
1458
1459
146
1460
1461
1462
1463
1464
1465
1466
1467
1468
1469
147
1470
1471
1472
1473
1474
1475
1476
1477
1478
1479
148
1480
1481
1482
1483
1484
1485
1486
1487
1488
1489
149
1491
1492
1493
1494
1495
1496
1497
15
150
1505
151
1514
152
153
154
155
156
157
158
1584
159
16
160
161
162
1629
163
1630
1631
1632
1633
1634
1635
1636
1637
1638
1639
164
1640
1641
1642
1643
1644
1645
1646
1647
1648
1649
165
1650
1651
1652
1653
1654
1655
1656
1657
1658
1659
166
1660
1661
1662
1665
167
1676
168
169
17
170
171
1713
1714
1715
1718
1719
172
1720
1721
1722
1723
1724
1725
1726
1727
1728
1729
173
1730
1731
1732
1733
1734
1735
1736
1737
1738
1739
174
1740
1741
1742
1743
1744
1745
1746
1747
1748
1749
175
1750
1751
1752
1753
1754
1755
1756
1757
1758
1759
176
1760
1761
1762
1763
1764
1765
1766
1767
1768
1769
177
1770
1771
1772
1773
1774
1775
1776
1777
1778
1779
178
1780
1781
1785
1786
1787
1788
179
1794
1795
1796
1797
18
180
181
1812
182
1821
1825
183
1836
184
185
186
189
190
1909
191
192
193
194
1940
1943
1949
195
1958
196
1968
197
198
199
2
200
201
202
2022
2033
204
2041
2049
205
2058
206
2066
207
2088
209
2090
2099
210
2108
211
212
2127
213
2130
214
2147
2148
2149
2150
2151
2152
2153
2155
216
2163
217
2177
218
2189
2197
220
222
2224
223
224
2244
225
226
227
228
229
230
231
233
234
235
236
237
238
239
240
241
242
243
244
245
246
247
248
249
25
250
251
252
2529
253
254
255
256
2568
257
258
259
26
260
261
2613
262
263
264
265
266
2664
267
268
2681
269
2696
270
271
272
273
2730
274
275
276
277
2779
278
2782
279
28
280
281
2817
282
283
284
285
286
287
2873
288
289
29
290
2904
2906
291
292
2926
293
294
295
296
297
2978
298
299
2996
2999
3
30
300
3004
301
3010
3011
3012
3013
3018
302
3022
3024
303
304
3043
305
3052
3057
306
307
308
309
3092
31
310
311
3112
312
3124
313
3132
314
315
316
317
318
3181
3189
319
3190
3191
3192
3193
3194
3195
3196
3197
3198
3199
32
320
3200
3201
3202
321
3210
322
323
324
325
326
327
328
329
33
330
331
332
333
334
335
336
337
338
339
34
340
341
342
343
344
345
346
347
348
349
35
350
351
352
353
3531
3532
3533
3534
3535
3536
3537
354
355
356
357
358
359
36
360
361
362
363
364
365
366
367
368
369
37
370
371
372
373
374
375
376
377
378
379
38
380
381
3817
382
383
384
385
386
387
388
389
39
390
391
392
393
394
395
396
397
398
399
4
40
400
4004
401
402
403
404
405
4050
406
407
408
409
41
410
4105
411
412
413
414
415
416
417
418
419
42
420
421
422
423
424
425
426
427
428
429
43
430
431
432
433
434
435
4357
436
437
438
4382
439
44
440
441
442
4420
443
444
445
446
447
4470
448
449
45
450
451
452
453
454
455
456
457
458
459
46
460
461
462
463
464
465
466
467
468
4681
4687
4688
469
4690
4695
47
470
4701
471
4718
472
473
474
475
4750
476
477
478
479
48
480
481
4813
482
4825
483
4838
484
4842
485
486
4861
4869
487
4870
4871
488
4880
4885
489
4897
49
490
4901
4902
4903
4907
491
492
493
4937
494
495
4954
496
497
498
499
4992
4993
4995
5
50
500
5006
5007
5008
501
502
503
504
505
506
507
508
509
51
510
5102
5105
5109
511
5118
512
5126
513
5130
514
515
516
5161
517
5170
5179
518
519
52
520
521
522
523
524
5247
525
526
5264
527
5272
5274
528
5287
5288
5289
529
5290
5291
5292
5293
53
530
531
5315
532
533
534
535
536
5366
537
5373
5375
5377
538
5382
5383
5388
539
5392
54
540
5401
5405
541
5415
542
543
544
545
5453
5454
546
5467
547
5474
548
549
5495
5499
55
550
5509
551
5515
5516
552
553
554
555
556
557
558
559
56
560
561
562
563
5635
564
565
566
5665
5666
5667
5668
5669
567
5670
5671
5672
5673
5674
5675
5676
5677
5678
5679
568
5680
5681
5683
5688
5689
569
5690
5691
5692
5693
5694
57
570
5705
571
5719
572
5722
5727
573
5732
5734
5735
5738
574
575
5754
576
5763
577
5774
578
5781
579
5791
58
580
581
5818
582
5822
5823
5824
5826
583
5834
5837
5838
5839
584
5840
5841
5842
5843
5844
5845
5846
5847
5848
5849
585
5850
5851
5852
5853
5854
5855
5856
5857
5858
5859
586
5860
5861
5862
5863
5864
5865
5866
5867
5868
5869
587
5870
5871
5872
5873
5874
5875
5876
5877
5878
5879
588
5880
5881
5882
5883
5884
5885
5886
5887
5888
5889
589
5890
5891
5892
5893
5894
5895
5896
5897
5898
5899
59
590
5900
5901
5902
5903
5904
5905
5906
5907
5908
5909
591
5910
5911
5912
5913
5914
5915
5916
5917
5918
5919
592
5920
5921
5922
5923
5924
5925
5926
5927
5928
5929
593
5930
5931
5932
5933
5934
5935
5936
5937
5938
5939
594
5940
5941
5942
5943
5944
5945
5946
5947
5948
5949
595
5950
5951
5952
5953
5954
5955
5956
5957
5958
5959
596
5960
5961
5962
5963
5964
5965
5966
5967
5968
5969
597
5970
5971
598
5980
5981
5982
5983
5984
5985
5986
5987
5988
5989
599
5990
5991
5992
5993
5994
5995
5996
5997
5998
5999
6
60
600
6000
6001
6002
6003
6004
6005
6006
6007
6008
6009
601
6010
6011
6012
6013
6014
6015
6016
6017
6018
6019
602
6020
6021
6022
6023
6024
6025
6026
6027
6028
6029
603
6030
6031
6032
6033
6034
6035
6036
604
605
606
607
608
609
61
610
611
612
613
614
615
616
617
618
619
62
620
621
622
623
624
625
626
627
628
629
63
630
631
632
633
634
635
636
637
638
639
64
640
641
642
643
644
645
646
647
648
649
65
650
651
652
653
654
655
656
657
658
659
66
660
661
662
663
664
665
666
667
668
669
67
670
671
672
673
674
675
676
677
678
679
68
680
681
682
683
684
685
686
687
688
689
69
690
691
692
693
694
695
696
697
698
699
7
70
700
701
702
703
704
705
706
707
708
709
71
710
711
712
713
714
715
716
717
718
719
72
720
721
722
723
724
725
726
727
728
729
73
730
731
732
733
734
735
736
737
738
739
74
740
741
742
743
744
745
746
747
748
749
75
750
751
752
753
754
755
756
757
758
759
76
760
761
762
763
764
765
766
767
768
769
77
770
771
772
773
774
775
776
777
778
779
78
780
781
782
783
784
785
786
787
788
789
79
790
791
792
793
794
795
796
797
798
799
8
80
800
801
802
803
804
805
806
807
808
809
81
810
811
812
813
814
815
816
817
818
819
82
820
821
822
823
824
825
826
827
828
829
83
830
831
832
833
834
835
836
837
838
839
84
840
841
842
843
844
845
846
847
848
849
85
850
851
852
853
854
855
856
857
858
859
86
860
861
862
863
864
865
866
867
868
869
87
870
871
872
873
874
875
876
877
878
879
88
880
881
882
883
884
885
886
887
888
889
89
890
891
892
893
894
895
896
897
898
899
9
90
900
901
902
903
904
905
906
907
908
909
91
910
911
912
913
914
915
916
917
918
919
92
920
921
922
923
924
925
926
927
928
929
93
930
931
932
933
934
935
936
937
938
939
94
940
941
942
943
944
945
946
947
948
949
95
950
951
952
953
954
955
956
957
958
959
96
960
961
962
963
964
965
966
967
968
969
97
970
971
972
973
974
975
976
977
978
979
98
980
981
982
983
984
985
986
987
988
989
99
990
991
992
993
994
995
996
997
998
999
